-0.00178655  -0.00234692  0.000649506  0.0977271  0.0882835  0.0452898  
-0.00175712  -0.00259207  0.000649506  0.125401  -0.0599307  -0.0024913  
-0.00181589  -0.00261925  0.000649506  0.121689  -0.00872185  -0.00674394  
-0.00163845  -0.00215082  0.00102227  0.1145  -0.0279174  0.0176106  
-0.0018419  -0.00211191  0.000649506  0.126252  -0.00511434  0.0254127  
-0.00201166  -0.00186447  0.000649506  0.105968  -0.00469249  0.0293424  
-0.00194167  -0.00200675  0.000649506  0.0976958  -0.00113506  0.0176147  
-0.00242121  -0.00212474  0.000649506  0.0944031  -0.015421  0.0176028  
-0.00214841  -0.002367  0.000899506  0.0897509  -0.0208851  0.0175712  
-0.00229037  -0.00204451  0.000801899  0.0809687  -0.0169604  0.00183613  
-0.00190344  -0.00204451  0.000649506  0.093826  -0.0278971  0.0101264  
-0.00189062  -0.00204451  0.00108701  0.093574  -0.00439923  0.0175851  
-0.00168927  -0.00194175  0.000649506  0.101278  -0.00546171  0.0175886  
-0.00156482  -0.00168635  0.00104327  0.111532  -0.014901  -0.00150894  
-0.00166378  -0.00204451  0.0011892  0.100348  0.00393463  -0.0136714  
-0.00206154  -0.00204451  0.0012134  0.101554  -0.014747  0.00409147  
-0.00194102  -0.00199413  0.00115356  0.0930426  -0.0144711  0.0139962  
-0.00187901  -0.00187253  0.000732685  0.101323  -0.0433628  0.0114307  
-0.0015962  -0.00206657  0.000649506  0.10132  -0.00279168  0.0241894  
-0.00165826  -0.00188401  0.000649506  0.102653  -0.00276286  0.0309566  
-0.00192014  -0.00212742  0.000982282  0.093134  -0.018692  0.0650111  
-0.00170521  -0.00193196  0.000770821  0.0788626  -0.0580059  0.0557353  
-0.00199844  -0.00204814  0.000898713  0.0789131  -0.0380046  0.0602104  
-0.0015842  -0.00201811  0.000714664  0.0789143  -0.0520908  0.0569672  
-0.0014877  -0.00183741  0.000414939  0.0788966  -0.0395839  0.0551641  
-0.00178348  -0.0018135  0.000748189  0.0577291  0.00824632  0.0641179  
-0.00141181  -0.00134611  0.000249391  0.0578091  -0.0491558  0.00329682  
-0.00120701  -0.000770298  0.000623546  0.0601025  -0.0492171  0.0485138  
-0.000728393  -0.00155721  0.00166317  0.0576057  0.0139542  -0.067133  
-0.000669346  -0.00167557  0.00137378  0.0524868  -0.0106559  0.0206966  
-0.000931312  -0.00159269  0.000893224  0.0350761  -0.0203187  0.00642995  
-0.000791577  -0.00167558  0.00062469  0.0351002  0.0328094  -0.0143409  
-0.000683663  -0.00167558  0.00062469  0.0351002  -0.026984  0.009579  
-0.000783955  -0.00167558  0.00062469  0.030651  -0.0599607  0.0310517  
-0.000738904  -0.00167558  0.00062469  0.026747  -0.0527574  0.0509989  
-0.000624746  -0.00167558  0.000691935  0.0321281  -0.0599726  0.0346446  
-0.000324514  -0.00126367  0.00046642  0.035371  -0.0401892  0.0292407  
-0.000420172  -0.00143318  0.000691939  0.035089  -0.0057099  0.0543972  
-0.00109181  -0.000967714  0.0009541  0.0381672  -0.00581087  0.0962123  
-0.000969442  -0.00136724  0.000954101  0.0214625  -0.0185915  0.112195  
-0.000628096  -0.00129433  0.000982867  0.0168043  -0.0454888  0.0831699  
-0.000663981  -0.0015902  0.000815787  0.0215927  0.00425134  0.052485  
-0.000902779  -0.0015902  0.000895055  0.0242499  -0.00957279  0.0550122  
-0.000902779  -0.0015902  0.000815787  0.0168623  -0.0228975  0.0631638  
-0.000592665  -0.0013627  0.000704149  0.029503  -0.0451894  0.109029  
-0.000552037  -0.00122134  0.000922218  0.0297738  -0.00656606  0.0550171  
-0.000906896  -0.00106504  0.000815787  0.0401902  0.0349397  0.0354808  
-0.000906896  -0.00118438  0.000815787  0.030306  0.0184923  0.0289166  
0.000284893  -0.000900757  0.000501014  0.0266076  0.00730932  0.0118333  
-0.000151041  -0.000471922  0.0010174  0.0476065  -0.000741392  0.0281122  
-0.000245104  -0.000471922  0.000759927  0.0387094  0.0350515  0.0459677  
-6.89637e-05  -0.000692986  0.000759927  0.0303203  0.00015521  0.0138442  
-6.89637e-05  -0.00121192  0.000500449  0.0260963  -0.0313131  -0.0399596  
-0.000239254  -0.000878932  0.000814554  0.0384334  -0.00118748  -0.0235513  
0.000261852  -0.000201367  0.000846906  0.0390164  -0.0131789  -0.00629426  
-4.79833e-05  -0.000483544  0.000846906  0.0329979  0.0432087  -0.0174677  
0.000118836  -0.000416772  0.000846906  0.026805  0.0157605  0.023283  
0.000106123  -0.00084504  0.000881185  0.0168899  0.00882092  -0.0126266  
-0.000342634  -0.0012612  0.000817151  0.0114649  0.0261861  -0.0282331  
0.000229016  -0.0008675  0.000799824  0.0169122  -0.0576989  0.0681048  
-0.000343709  -0.000987064  0.000860075  0.0169361  0.0367882  0.155987  
-6.3522e-05  -0.00128618  0.000799824  0.0169663  -0.00179029  0.104338  
-2.12347e-05  -0.00128618  0.000553131  0.0222298  -0.0497795  0.0395166  
0.000330625  -0.00138376  0.000795955  0.0236861  0.00937696  -0.000619983  
-3.95502e-05  -0.00142296  0.000795955  0.0170052  0.0270389  0.0143891  
8.13061e-05  -0.00140823  0.00104595  0.0169726  -0.0108747  0.0498785  
-3.96718e-05  -0.00124966  0.00104595  0.00623319  -0.0266758  0.0411377  
-3.96718e-05  -0.00124966  0.000795955  0.0122048  -0.0252733  0.0228777  
0.000243217  -0.00124966  0.000817003  0.0187609  -0.0287186  0.0271716  
0.00020628  -0.00124966  0.000929342  0.0283144  0.00141951  0.0338905  
7.47447e-05  -0.00124966  0.000929342  0.0151562  0.0387754  0.0570651  
0.000353866  -0.00124966  0.000837068  0.00738865  -0.0084778  0.0507163  
0.00011569  -0.00124966  0.000412002  0.0166319  -0.0294162  0.0383653  
0.000396526  -0.00051419  0.000412002  0.0375118  -0.0294426  0.0328747  
1.93893e-05  -0.000979939  0.000412002  0.0357095  0.0539469  0.0907424  
0.000183146  -0.000979939  0.000412002  0.0212086  0.0153165  0.0659863  
-0.000246205  -0.000979939  0.000223627  0.000332687  0.00569751  0.024206  
0.000183146  -0.000549694  -2.69401e-05  0.0126318  -0.0293595  0.0408468  
-0.000660026  1.12877e-05  0.000419504  0.0248589  0.063636  0.115419  
-0.000158766  -0.000384758  -2.694e-05  0.000297758  -0.025507  0.0804189  
-0.000571781  -0.000384758  -0.000289274  -0.00653504  0.0090488  0.156234  
-0.000271486  -0.000465444  -0.000550151  -0.0134926  0.0114697  0.152613  
-0.000202923  -0.000477989  -0.000550151  -0.00492103  -0.00730634  0.0746275  
-0.000124527  -0.000807596  -0.000550151  0.00168251  -0.0253467  0.0286605  
-0.000124527  -0.00105517  1.05866e-05  0.00628749  0.0193994  0.0163901  
0.000246745  -0.00056271  -6.79654e-05  0.0101283  -0.00643801  0.0857304  
-0.000124527  -2.64423e-06  -3.26463e-05  0.00307244  -0.00244453  -0.00156064  
0.000433853  2.94915e-05  0.000293644  0.00316717  0.0309779  0.10582  
-6.26951e-05  -0.00032651  -0.000550151  -0.0158298  0.0214914  0.0194178  
0.000763605  0.000121885  -0.000351496  -0.0158709  -0.0338381  0.0913083  
0.000454871  3.38485e-05  0.000164879  -0.0158202  0.0617328  0.145117  
-0.000111702  2.97516e-05  -0.000550152  -0.00404249  -0.0278835  0.158798  
0.000197797  -0.00032651  -0.000550152  -0.0051248  0.0445247  0.0837042  
0.000182234  -0.000405507  -0.000550152  0.000510947  0.0616257  0.0440585  
-0.000104282  -0.000778026  -0.000156924  -0.0157335  0.0474355  0.00985596  
4.43681e-05  -0.000871261  1.50989e-05  -0.00859584  0.0256798  -0.00248542  
0.00032771  -0.000720434  -0.00021683  -0.0158038  0.00512453  0.00341718  
0.00032771  -0.000553272  -0.000295095  -0.0179753  -0.0128836  0.00995878  
0.000182353  -0.000449402  -0.000395656  -0.0158172  -0.00380057  0.0160705  
0.000403662  -0.000553272  -0.000365832  -0.0275689  0.0200085  0.0160727  
0.000481113  -0.000553272  -0.000550152  -0.015809  -0.00378371  0.0419115  
0.000729714  -7.94776e-05  -0.000550152  -0.0216945  0.0214954  0.026117  
0.000327711  3.58353e-05  -0.000550152  -0.0158561  0.0378317  -0.0279395  
0.000720314  3.58353e-05  -0.000818271  -0.0158587  0.0123944  -0.000593264  
0.000552312  -0.000373638  -0.000800152  -0.025842  0.0269794  0.0404228  
0.000641477  0.000143076  -0.000550152  -0.0158656  0.0310048  0.0419554  
0.000980249  -2.63378e-05  -0.0006273  -0.0251011  0.0469591  0.0371291  
0.00106114  -7.41278e-05  -0.000550152  -0.0323162  0.0433877  0.00785946  
0.000866959  0.000314361  -0.000741649  -0.043548  0.00855068  -0.0124011  
0.00093824  0.000808371  -0.000945288  -0.0323357  0.0255771  -0.0796444  
-5.12494e-05  0.00089119  -0.000550153  -0.0322849  0.0922035  -0.056137  
-0.00012784  0.000529216  0.000148006  -0.0201776  0.0679677  -0.0658836  
0.00052095  0.000961871  -0.000550153  0.00185949  0.0541816  -0.000714646  
-0.000289989  0.000458689  -0.000550153  -0.0109417  0.0683698  0.1009  
-9.805e-05  0.000290331  -0.000986384  -0.0148821  0.0554331  0.0996565  
-0.000177228  -0.000232463  -0.000986384  -0.0146759  0.018085  0.0315375  
0.000257749  -0.000252246  -0.000986383  -0.0145052  0.0330352  0.0108372  
0.000228062  -8.31151e-05  -0.000230393  -0.0239616  0.054497  0.0314812  
0.00024944  0.000311326  -0.000361828  -0.00813443  0.035457  0.0645285  
1.04774e-05  0.000507348  -0.000607523  -0.00963247  0.0141206  0.0360955  
-1.0924e-05  0.000507348  -0.000825543  -0.0109616  -0.00650978  0.0889169  
-0.000165565  0.000507348  -0.000837491  -0.0183024  0.00380088  0.0889144  
0.00040743  0.00117363  -0.000986384  -0.0110012  -0.0043356  0.130369  
-0.000137897  0.00038758  -0.000760448  -0.0283562  0.0483906  0.103624  
0.000223291  0.000485228  -0.000986384  -0.0297574  -0.00670469  0.0848341  
0.000644101  0.000452683  -0.000986384  -0.0243195  0.0024811  0.0594738  
0.000306529  0.000160981  -0.000648195  -0.0323739  0.0557173  0.045246  
0.000191482  0.000264029  -0.000499713  -0.0323841  0.0769136  0.0760674  
0.000191482  0.000165741  -0.000775534  -0.0598213  -0.015447  0.0689703  
0.000722265  0.000752469  -0.000836713  -0.0118961  0.0297959  0.102795  
0.000250293  0.000563789  -0.000986385  -0.0107266  0.041936  0.124734  
0.00100633  0.000699169  -0.000751508  -0.0276425  -0.035699  0.148906  
-0.000147019  0.00202108  -0.0013386  -0.0220752  -0.0191799  0.456952  
-0.000968371  0.000907078  -0.000743084  -0.0311125  0.10334  0.311939  
-0.000884101  0.000907078  -0.000945582  -0.0235  0.0181627  0.226048  
-0.000556779  0.000464872  -0.000591682  -0.0224161  0.0211283  0.192009  
-0.000296282  0.000407961  -0.000591682  -0.0215496  0.045138  0.191964  
-0.000122639  0.000407961  -0.000591682  -0.0203923  0.0326031  0.209199  
-0.000583413  0.000809326  -0.000591682  -0.0211658  0.0147007  0.233802  
-0.000587832  0.000407961  -0.000591682  -0.020734  -0.000209371  0.228548  
-0.0008701  0.00124391  -0.000841682  -0.0364221  -0.0191273  0.0895918  
-0.000118893  0.000953209  -0.000465785  -0.0164126  0.0582006  0.225754  
-0.000659855  0.000407961  -0.000591682  -0.0326749  0.0303192  0.225776  
-0.000241771  0.000407961  -0.000591682  -0.0377337  -0.0420185  0.15406  
-0.000198704  0.000921456  -0.000744025  -0.0362953  -0.00287617  0.138496  
-0.000610997  0.0006734  -0.000591682  -0.0327731  0.0639149  0.214725  
-0.000282159  0.000759488  -0.000591682  -0.0395978  0.00598343  0.177747  
-0.000457281  0.00119745  -0.00107006  -0.0112973  0.0272672  0.216907  
-0.000761664  0.00119745  -0.000848666  -0.0137  0.0595096  0.199573  
-0.00108965  0.00119745  -0.000920834  0.00405455  0.0598959  0.188682  
-0.00111913  0.00235517  -0.00107006  0.0407001  0.0190825  0.11205  
-0.00156519  0.00166696  -0.000231035  -0.00329266  0.100562  0.166465  
-0.000991975  0.00136065  -0.000586171  0.00448123  0.0013853  0.190942  
-0.00119604  0.00138619  -0.000495801  -0.0169631  0.0809965  0.244946  
-0.00122712  0.00112307  -0.000471301  -0.0267657  0.025147  0.18488  
-0.00163412  9.18646e-05  -0.00029256  -0.026787  -0.00199484  0.0362214  
-0.0015797  0.000474369  -0.000457329  0.000847991  0.0949801  0.187075  
-0.00254255  -0.000594725  -0.000454199  -0.0087317  0.11927  0.222489  
-0.00157279  1.4073e-05  -0.000286455  0.0132377  0.0383533  0.208091  
-0.00136845  -5.36962e-05  -0.000431633  0.00302846  -0.15471  0.158012  
-0.0014727  0.000144677  -0.000715316  0.0119363  -0.0418443  0.149133  
-0.00154586  -9.34124e-05  -0.000715317  -0.00375296  0.0076243  0.157941  
-0.00127628  0.000291425  -0.000386922  0.000641934  -0.00383542  0.1939  
-0.00130278  4.81796e-06  -0.000432083  -0.0117599  -0.00595844  0.219211  
-0.00131262  -1.55998e-05  -0.000485066  -0.0159596  -0.0112215  0.215751  
-0.00126771  9.53192e-05  -0.000715317  -0.0237901  -0.00583433  0.193861  
-0.00126771  0.000110474  -0.000510927  -0.0267555  -0.0253211  0.199567  
-0.0011365  0.000247037  -0.000715317  -0.0267892  -0.0188951  0.204019  
-0.00124744  0.000247037  -0.000715317  -0.00892517  0.0202999  0.22986  
-0.0010975  0.000301595  -0.000715317  -0.0199991  0.00337125  0.20045  
-0.000329884  0.00224216  -0.00264796  -0.0272464  -0.00406913  0.149406  
-0.00100877  0.00177938  -0.00247531  -0.0665084  0.0782462  0.225252  
